0.01	[0.24880862804113368, 0.4631719755873254, 0.40064620355411956, 0.7458266020463112, 0.1804292469989087, 0.33587971383533405, 0.5057889068389876, 0.34518039849219173]
0.02	[0.2516617977052373, 0.46716626444811377, 0.40010770059235323, 0.7427302100161551, 0.18355876721635475, 0.3407448582545859, 0.49636510500807757, 0.34262250942380185]
0.03	[0.25662542278546047, 0.4730059511067346, 0.4034733441033926, 0.7436725901992461, 0.18814740410571912, 0.3467888756356331, 0.4892299407646742, 0.3401992460958535]
0.04	[0.2607189259419662, 0.4782156777825899, 0.405223478729133, 0.7432687129779214, 0.19218490614225514, 0.35250925807687394, 0.48209477652127086, 0.33804523424878835]
0.05	[0.2648757437871894, 0.483199159957998, 0.40751211631663975, 0.743403338718363, 0.19620171117448795, 0.35792066372828624, 0.4750942380183091, 0.3358912224017232]
0.06	[0.268570923240184, 0.48717721966749195, 0.4088583737210555, 0.7416532040926225, 0.19996049512773242, 0.36272056887016063, 0.4682283252557889, 0.33279483037156704]
0.07	[0.27211796246648795, 0.49133154602323503, 0.40993537964458804, 0.7401723209477652, 0.20365168539325842, 0.3677100053504548, 0.4613624124932687, 0.33023694130317716]
0.08	[0.27631341397364145, 0.49521574291388337, 0.4120893914916532, 0.7385568120624664, 0.20783541553503532, 0.3724877783813145, 0.45301561658589123, 0.3264674205708131]
0.09	[0.27952289902576705, 0.49813347901302013, 0.41330102315562733, 0.7365374259558427, 0.21117072499656073, 0.3763241161095061, 0.44749596122778673, 0.3232364028002154]
0.1	[0.2834956809410035, 0.5020216871898547, 0.41532040926225094, 0.7354604200323102, 0.21519252232142858, 0.38106863839285715, 0.4413031771674744, 0.3201400107700592]
0.11	[0.2868795476664967, 0.5046113917597441, 0.4166666666666667, 0.7329025309639203, 0.2187433740900417, 0.38476217400523005, 0.43578352180936997, 0.31623586429725364]
0.12	[0.29043551323344075, 0.5088923120011203, 0.41882067851373184, 0.7338449111470113, 0.22229367631296892, 0.3894962486602358, 0.4282444803446419, 0.3150242326332795]
0.13	[0.29337598795634173, 0.5113850207000376, 0.41976305869682284, 0.7316908992999461, 0.22548452415389067, 0.3930431009545849, 0.4227248249865374, 0.31192784060312334]
0.14	[0.29570988385873426, 0.5132969898080114, 0.4198976844372644, 0.7288637587506731, 0.22821394600131703, 0.39613667959318066, 0.4184168012924071, 0.3089660743134087]
0.15	[0.29903506257762497, 0.5161937517913442, 0.4213785675821217, 0.7273828756058158, 0.23174885236191323, 0.4000444247001333, 0.41330102315562733, 0.3060043080236941]
0.16	[0.2997500480676793, 0.5173043645452796, 0.41976305869682284, 0.7244211093161013, 0.23310406698564592, 0.4022876794258373, 0.41087775982767905, 0.3046580506192784]
0.17	[0.3026959004888437, 0.5207879579884808, 0.420974690360797, 0.7242864835756596, 0.23630318144033854, 0.40655935917781305, 0.4058966074313409, 0.3033117932148627]
0.18	[0.3054350475262003, 0.5231294174993907, 0.4217824448034464, 0.7224017232094776, 0.2393978757545656, 0.4100252158630702, 0.40131933225632743, 0.30061927840603125]
0.19	[0.3057912028637278, 0.5235129701368116, 0.41976305869682284, 0.7186322024771137, 0.24049363671423063, 0.4117238719629773, 0.3982229402261712, 0.2988691437802908]
0.2	[0.30643089993085054, 0.5242517040403043, 0.4176090468497577, 0.7144588045234249, 0.24200343267280386, 0.41402714932126694, 0.39606892837910607, 0.2968497576736672]
0.21	[0.3077305246422894, 0.5257352941176471, 0.4169359181475498, 0.7123047926763597, 0.24385826771653543, 0.41661417322834643, 0.3910877759827679, 0.2953688745288099]
0.22	[0.3091753658658409, 0.5275460766195494, 0.4166666666666667, 0.710958535271944, 0.2457714603351068, 0.4193599618835861, 0.3858373721055466, 0.29429186860527734]
0.23	[0.3091301944625898, 0.528415657504648, 0.4141087775982768, 0.7078621432417879, 0.24661268339613565, 0.4215505491862423, 0.38287560581583197, 0.29375336564351107]
0.24	[0.3085963223747531, 0.5284433412694393, 0.41007000538502963, 0.7022078621432418, 0.247380817022659, 0.42361731503289207, 0.3780290791599354, 0.2921378567582122]
0.25	[0.30832738762613393, 0.5292019162164917, 0.4072428648357566, 0.6989768443726441, 0.24807282269968836, 0.42578317205182875, 0.37520193861066237, 0.29173397953688746]
0.26	[0.3067686149740853, 0.5286601323959562, 0.40239633817986, 0.6934571890145396, 0.24786466539514057, 0.4271498465876109, 0.3725094238018309, 0.2910608508346796]
0.27	[0.30633421093387025, 0.5294512415466419, 0.3994345718901454, 0.6903607969843835, 0.24843004270283847, 0.42937285439169387, 0.3695476575121163, 0.29092622509423804]
0.28	[0.3054530332172376, 0.5291885429120966, 0.3955304254173398, 0.6852450188476037, 0.24879329325091032, 0.4310271826572953, 0.36698976844372644, 0.28971459343026384]
0.29	[0.30373122612381603, 0.5286514207964834, 0.39068389876144316, 0.6799946149703824, 0.2484376337642325, 0.43241160859515454, 0.36348949919224555, 0.28931071620893917]
0.3	[0.30347368421052634, 0.5289473684210525, 0.38812600969305333, 0.6764943457189014, 0.24913584514344972, 0.4342378154165226, 0.36187399030694667, 0.28836833602584816]
0.31	[0.3022763366860773, 0.5276866066701958, 0.3843564889606893, 0.6709746903607969, 0.24908392950619437, 0.4348281277264003, 0.36012385568120625, 0.2866182014001077]
0.32	[0.3012195771422485, 0.5279863662991958, 0.3807215939687668, 0.6673397953688746, 0.24918495021587805, 0.43677857079918936, 0.3578352180936995, 0.2866182014001077]
0.33	[0.30159155457906867, 0.5283746851722845, 0.3788368336025848, 0.6637049003769521, 0.25051188462565654, 0.4388854268672661, 0.35420032310177707, 0.28486806677436727]
0.34	[0.2983353983731078, 0.5270699779130528, 0.3727786752827141, 0.6585891222401723, 0.24867534800179614, 0.43933542882801974, 0.3535271943995692, 0.2858104469574583]
0.35	[0.29526130517194693, 0.5253181695098835, 0.36698976844372644, 0.6529348411416263, 0.2469874059980067, 0.4394310048020295, 0.3519116855142703, 0.2859450726978998]
0.36	[0.2933841546419821, 0.524802613667302, 0.36268174474959614, 0.6487614431879375, 0.24631983176373778, 0.44061442808814116, 0.3507000538502962, 0.2860796984383414]
0.37	[0.2912898097900565, 0.5243655100586527, 0.35770059235325796, 0.6439149165320409, 0.2456773000462321, 0.4422561257512714, 0.3482767905223479, 0.286214324178783]
0.38	[0.2869286818282182, 0.5221903289909472, 0.34989229940764677, 0.6367797522886376, 0.2431699101796407, 0.44255239520958084, 0.34679590737749055, 0.2868874528809908]
0.39	[0.28428595234127646, 0.5211353663278343, 0.34450726978998386, 0.6315293484114163, 0.24198581560283688, 0.4435933806146572, 0.3442380183091007, 0.2870220786214324]
0.4	[0.2804312608234177, 0.517624713703145, 0.3379106085083468, 0.623721055465805, 0.23966389764155446, 0.4423756325790127, 0.3473344103392569, 0.2858104469574583]
0.41	[0.2784895482130816, 0.5171948752528658, 0.33360258481421645, 0.6195476575121163, 0.23900462962962962, 0.44386574074074076, 0.3446418955304254, 0.2859450726978998]
0.42	[0.2755459997736789, 0.5158990607672287, 0.32781367797522887, 0.6137587506731287, 0.23765371852430217, 0.44495412844036697, 0.34262250942380185, 0.2859450726978998]
0.43	[0.27248390955174573, 0.5146665147804295, 0.32202477113624123, 0.6082390953150242, 0.23615361832362525, 0.44604600651594434, 0.34006462035541196, 0.286214324178783]
0.44	[0.26849409335933017, 0.5114118591581603, 0.31515885837372104, 0.6002961766289715, 0.23386613386613386, 0.44545454545454544, 0.34073774905761983, 0.2851373182552504]
0.45	[0.26538039396915253, 0.5099647622898734, 0.30923532579429186, 0.5942380183091007, 0.23241930587878173, 0.44662551856723665, 0.3383144857296715, 0.2850026925148088]
0.46	[0.2618549511854951, 0.509065550906555, 0.3033117932148627, 0.5896607431340872, 0.2303680981595092, 0.44785276073619634, 0.33548734518039847, 0.28634894991922455]
0.47	[0.2597372262773723, 0.5076788321167884, 0.29940764674205705, 0.5852180936995154, 0.22934928328348975, 0.4482829741157059, 0.3358912224017232, 0.2858104469574583]
0.48	[0.25617845611975343, 0.5057822130906956, 0.29375336564351107, 0.5799676898222941, 0.22712605391901738, 0.44842302487769337, 0.3349488422186322, 0.286214324178783]
0.49	[0.2536326048434731, 0.5045481393975192, 0.28904146472805603, 0.5749865374259558, 0.22595243106714377, 0.44948431909071773, 0.33266020463112544, 0.2859450726978998]
0.5	[0.2514550421665281, 0.5036227580472741, 0.2850026925148088, 0.5708131394722671, 0.22497343251859725, 0.4505844845908608, 0.3305061927840603, 0.2858104469574583]
0.51	[0.24885122635316587, 0.5015217521035985, 0.2806946688206785, 0.5656973613354873, 0.22349662343230786, 0.4504234108693322, 0.330910070005385, 0.2850026925148088]
0.52	[0.24487102579484102, 0.4988602279544091, 0.2747711362412493, 0.5597738287560582, 0.22083964509846354, 0.4499026184808483, 0.33037156704361875, 0.2850026925148088]
0.53	[0.24220869250708302, 0.49719693772982093, 0.270463112547119, 0.5551965535810447, 0.2192992031437616, 0.45016919550267437, 0.32942918686052775, 0.28473344103392567]
0.54	[0.24023260039978192, 0.49609304015991285, 0.26696284329563813, 0.5512924071082391, 0.21836802114304593, 0.4509415262636274, 0.32781367797522887, 0.284329563812601]
0.55	[0.23738727760175482, 0.4935413112356812, 0.2622509423801831, 0.5452342487883683, 0.21682991985752448, 0.4508014247551202, 0.3263327948303716, 0.28298330640818525]
0.56	[0.23369465368363032, 0.49213056525200566, 0.2568659127625202, 0.540926225094238, 0.21435793731041455, 0.4514099539377598, 0.32444803446418957, 0.2840603123317178]
0.57	[0.23028138661412473, 0.49036389384890094, 0.2517501346257404, 0.5360796984383414, 0.21218654260751163, 0.45183252014070124, 0.3222940226171244, 0.284329563812601]
0.58	[0.22869511440940013, 0.489795918367347, 0.24892299407646742, 0.5331179321486268, 0.21150766415008007, 0.4529855868222375, 0.31973613354873454, 0.2841949380721594]
0.59	[0.22596273291925464, 0.4884472049689441, 0.24488422186322026, 0.5293484114162628, 0.20975553505535055, 0.4534132841328413, 0.31879375336564353, 0.28446418955304253]
0.6	[0.22281862439146174, 0.4868306079141181, 0.2403069466882068, 0.5250403877221325, 0.20770304863858505, 0.45380498021875726, 0.3174474959612278, 0.28473344103392567]
0.61	[0.2204526929588062, 0.48567308295190914, 0.23667205169628433, 0.52140549273021, 0.20631381293275436, 0.45452411688768923, 0.3155627355950458, 0.28473344103392567]
0.62	[0.2173228346456693, 0.48390551181102365, 0.23222940226171243, 0.5170974690360797, 0.20421451402864924, 0.4547176512371256, 0.3139472267097469, 0.28486806677436727]
0.63	[0.21466067927392324, 0.48219593953576617, 0.2284598815293484, 0.5131933225632741, 0.20243349636168437, 0.45472981033043064, 0.3148896068928379, 0.28473344103392567]
0.64	[0.2124174707973591, 0.4813357034027425, 0.22522886375875067, 0.5103661820140011, 0.2009851033157136, 0.45543008169149446, 0.3131394722670975, 0.2851373182552504]
0.65	[0.21135928525845565, 0.4804084237396299, 0.22294022617124395, 0.5067312870220786, 0.2009221062848823, 0.45668527056539676, 0.30990845449649973, 0.28379106085083466]
0.66	[0.20888063048632025, 0.47914397385788426, 0.21943995691976306, 0.5033656435110393, 0.19929086685413866, 0.4571463504095855, 0.3089660743134087, 0.28392568659127626]
0.67	[0.2039871382636656, 0.4758842443729904, 0.21351642434033388, 0.498115239633818, 0.19527210046786506, 0.4555528195025856, 0.31017770597738287, 0.28459881529348413]
0.68	[0.20152435085906212, 0.4751324118330965, 0.210016155088853, 0.49515347334410337, 0.19369257511795382, 0.4566674944127142, 0.3078890683898761, 0.2851373182552504]
0.69	[0.19850891410048624, 0.47377633711507294, 0.2061120086160474, 0.49192245557350567, 0.1914467925472052, 0.4569213455045642, 0.30640818524501884, 0.2858104469574583]
0.7	[0.19552491218941068, 0.47261610511252766, 0.20234248788368336, 0.48909531502423265, 0.18915177447772463, 0.4572111754341807, 0.30586968228325256, 0.2867528271405493]
0.71	[0.19303859465813358, 0.47188663227323197, 0.19897684437264404, 0.48640280021540117, 0.1874445149017121, 0.4582117945466075, 0.3026386645126548, 0.28742595584275715]
0.72	[0.19197482297403617, 0.47193810647783896, 0.19709208400646203, 0.48451803984921915, 0.18711656441717792, 0.4599948875255624, 0.29873451803984924, 0.28742595584275715]
0.73	[0.19046366326866163, 0.47089773100953636, 0.19493807215939687, 0.4819601507808293, 0.18619004757618618, 0.46033174746046035, 0.2973882606354335, 0.2870220786214324]
0.74	[0.18800712448050663, 0.46916023484398706, 0.19184168012924072, 0.47872913301023157, 0.18432285603414825, 0.45996636916310957, 0.2965805061927841, 0.2868874528809908]
0.75	[0.18694185354236953, 0.4688760997552424, 0.19022617124394184, 0.4771136241249327, 0.18376902067889192, 0.4609181948237742, 0.29375336564351107, 0.2868874528809908]
0.76	[0.1843642155561455, 0.4674807539155827, 0.1869951534733441, 0.47415185783521807, 0.1818062827225131, 0.46099476439790577, 0.29375336564351107, 0.287156704361874]
0.77	[0.18075258075258074, 0.4654012654012654, 0.18268712977921378, 0.47038233710285404, 0.17885857387636747, 0.4605245815210228, 0.29415724286483574, 0.2876952073236403]
0.78	[0.17845207859911777, 0.4651784520785991, 0.1797253634894992, 0.46849757673667203, 0.17719670825590655, 0.4619060260153969, 0.2921378567582122, 0.28877221324717284]
0.79	[0.17653766181501107, 0.4638808773224228, 0.1771674744211093, 0.46553581044695747, 0.1759123111883438, 0.46223766876086086, 0.2905223478729133, 0.28836833602584816]
0.8	[0.174374831944071, 0.4628932508738908, 0.17460958535271945, 0.46351642434033385, 0.174140708915145, 0.4622717508055854, 0.2902530963920302, 0.28890683898761443]
0.81	[0.17170218505530077, 0.4619638521715673, 0.1713785675821217, 0.46109316101238557, 0.17202702702702702, 0.46283783783783783, 0.28729133010231556, 0.28971459343026384]
0.82	[0.17049756625202814, 0.4620064899945917, 0.16976305869682284, 0.46001615508885296, 0.17123845736013035, 0.46401412275936993, 0.28554119547657514, 0.2902530963920302]
0.83	[0.16859795351358678, 0.4607982652300603, 0.1674744211093161, 0.45772751750134627, 0.1697366625733388, 0.4639104925637877, 0.2841949380721594, 0.2902530963920302]
0.84	[0.1669496705834409, 0.4605039733749915, 0.1654550350026925, 0.45638126009693053, 0.1684715558601782, 0.46470185058259084, 0.28204092622509425, 0.29092622509423804]
0.85	[0.16491897044804577, 0.45921285578101595, 0.16303177167474422, 0.45395799676898224, 0.16685037200330669, 0.46459079636263434, 0.2821755519655358, 0.29092622509423804]
0.86	[0.16267158369186643, 0.4586491839104009, 0.16033925686591277, 0.4520732364028002, 0.16507276507276508, 0.4654192654192654, 0.2802907915993538, 0.29173397953688746]
0.87	[0.1615553121577218, 0.45783132530120485, 0.15885837372105546, 0.4501884760366182, 0.16434540389972144, 0.46573816155988856, 0.27907915993537963, 0.2913301023155627]
0.88	[0.15952266648378027, 0.4567587956930252, 0.15656973613354874, 0.4483037156704362, 0.16258912344470852, 0.46553893471270796, 0.27840603123317176, 0.29173397953688746]
0.89	[0.15672257354962882, 0.4551828430024746, 0.15347334410339256, 0.4457458266020463, 0.1601123595505618, 0.46502808988764044, 0.27773290253096394, 0.29227248249865373]
0.9	[0.15509641873278235, 0.45385674931129477, 0.15158858373721054, 0.44359181475498116, 0.15877044557247602, 0.4646080090242527, 0.2762520193861066, 0.2920032310177706]
0.91	[0.15502484815019327, 0.4537548315847598, 0.15118470651588584, 0.44251480883144856, 0.15906515580736544, 0.46558073654390936, 0.27463651050080773, 0.2913301023155627]
0.92	[0.15352697095435686, 0.4529737206085754, 0.1494345718901454, 0.4408992999461497, 0.15784982935153583, 0.46572810011376564, 0.27329025309639204, 0.2914647280560043]
0.93	[0.152897144441364, 0.4521763238148045, 0.14849219170705438, 0.43914916532040926, 0.15757142857142858, 0.466, 0.2720786214324179, 0.29065697361335485]
0.94	[0.15164560477711428, 0.45160394389668096, 0.1470113085621971, 0.4378029079159935, 0.1565815887582449, 0.4663034126756524, 0.2710016155088853, 0.29079159935379645]
0.95	[0.15056007792388504, 0.4514019341821471, 0.14566505115778136, 0.436725901992461, 0.15579553635709142, 0.46709863210943126, 0.2700592353257943, 0.2910608508346796]
0.96	[0.1497490239821528, 0.45133853876185165, 0.14458804523424879, 0.43578352180936997, 0.15529207634470793, 0.4680451127819549, 0.2689822294022617, 0.2911954765751212]
0.97	[0.14903711973206807, 0.4512977951437343, 0.14378029079159935, 0.43537964458804523, 0.15469293163383546, 0.46842410196987255, 0.26777059773828754, 0.29159935379644586]
0.98	[0.14836546521374686, 0.4511036602402906, 0.1429725363489499, 0.43470651588583736, 0.15418118466898956, 0.4687862950058072, 0.26709746903607967, 0.29173397953688746]
0.99	[0.14790456866997834, 0.45112992373889316, 0.14229940764674207, 0.4340333871836295, 0.15396941005098325, 0.4696285506190823, 0.2656165858912224, 0.29173397953688746]
1.0	[0.14691245531646455, 0.4504100371486648, 0.1410877759827679, 0.4325525040387722, 0.15323877759906418, 0.46980552712384854, 0.264808831448573, 0.2914647280560043]
